0 0 1 0
0.4 0.8 1.0012 0.18
0.8 1.6 1.0024 0.36
1.2 2.4 1.0036 0.54
1.6 3.2 1.0048 0.72
2 4 1.006 0.9
2.4 4.8 1.0072 1.08
2.8 5.6 1.0084 1.26
3.2 6.4 1.0096 1.44
3.6 7.2 1.0108 1.62
4 8 1.012 1.8
4.4 8.8 1.0132 1.98
4.8 9.6 1.0144 2.16
5.2 10.4 1.0156 2.34
5.6 11.2 1.0168 2.52
6 12 1.018 2.7
6.4 12.8 1.0192 2.88
6.8 13.6 1.0204 3.06
7.2 14.4 1.0216 3.24
7.6 15.2 1.0228 3.42
8 16 1.024 3.6
8.4 16.8 1.0252 3.78
8.8 17.6 1.0264 3.96
9.2 18.4 1.0276 4.14
9.6 19.2 1.0288 4.32
10 20 1.03 4.5
10.4 20.8 1.0312 4.68
10.8 21.6 1.0324 4.86
11.2 22.4 1.0336 5.04
11.6 23.2 1.0348 5.22
12 24 1.036 5.4
12.4 24.8 1.0372 5.58
12.8 25.6 1.0384 5.76
13.2 26.4 1.0396 5.94
13.6 27.2 1.0408 6.12
14 28 1.042 6.3
14.4 28.8 1.0432 6.48
14.8 29.6 1.0444 6.66
15.2 30.4 1.0456 6.84
15.6 31.2 1.0468 7.02
16 32 1.048 7.2
16.4 32.8 1.0492 7.38
16.8 33.6 1.0504 7.56
17.2 34.4 1.0516 7.74
17.6 35.2 1.0528 7.92
18 36 1.054 8.1
18.4 36.8 1.0552 8.28
18.8 37.6 1.0564 8.46
19.2 38.4 1.0576 8.64
19.6 39.2 1.0588 8.82
20 40 1.06 9
20.4 40.8 1.0612 9.18
20.8 41.6 1.0624 9.36
21.2 42.4 1.0636 9.54
21.6 43.2 1.0648 9.72
22 44 1.066 9.9
22.4 44.8 1.0672 10.08
22.8 45.6 1.0684 10.26
23.2 46.4 1.0696 10.44
23.6 47.2 1.0708 10.62
24 48 1.072 10.8
24.4 48.8 1.0732 10.98
24.8 49.6 1.0744 11.16
25.2 50.4 1.0756 11.34
25.6 51.2 1.0768 11.52
26 52 1.078 11.7
26.4 52.8 1.0792 11.88
26.8 53.6 1.0804 12.06
27.2 54.4 1.0816 12.24
27.6 55.2 1.0828 12.42
28 56 1.084 12.6
28.4 56.8 1.0852 12.78
28.8 57.6 1.0864 12.96
29.2 58.4 1.0876 13.14
29.6 59.2 1.0888 13.32
30 60 1.09 13.5
30.4 60.8 1.0912 13.68
30.8 61.6 1.0924 13.86
31.2 62.4 1.0936 14.04
31.6 63.2 1.0948 14.22
32 64 1.096 14.4
32.4 64.8 1.0972 14.58
32.8 65.6 1.0984 14.76
33.2 66.4 1.0996 14.94
33.6 67.2 1.1008 15.12
34 68 1.102 15.3
34.4 68.8 1.1032 15.48
34.8 69.6 1.1044 15.66
35.2 70.4 1.1056 15.84
35.6 71.2 1.1068 16.02
36 72 1.108 16.2
36.4 72.8 1.1092 16.38
36.8 73.6 1.1104 16.56
37.2 74.4 1.1116 16.74
37.6 75.2 1.1128 16.92
38 76 1.114 17.1
38.4 76.8 1.1152 17.28
38.8 77.6 1.1164 17.46
39.2 78.4 1.1176 17.64
39.6 79.2 1.1188 17.82
40 80 1.12 18
40.4 80.8 1.1212 18.18
40.8 81.6 1.1224 18.36
41.2 82.4 1.1236 18.54
41.6 83.2 1.1248 18.72
42 84 1.126 18.9
42.4 84.8 1.1272 19.08
42.8 85.6 1.1284 19.26
43.2 86.4 1.1296 19.44
43.6 87.2 1.1308 19.62
44 88 1.132 19.8
44.4 88.8 1.1332 19.98
44.8 89.6 1.1344 20.16
45.2 90.4 1.1356 20.34
45.6 91.2 1.1368 20.52
46 92 1.138 20.7
46.4 92.8 1.1392 20.88
46.8 93.6 1.1404 21.06
47.2 94.4 1.1416 21.24
47.6 95.2 1.1428 21.42
48 96 1.144 21.6
48.4 96.8 1.1452 21.78
48.8 97.6 1.1464 21.96
49.2 98.4 1.1476 22.14
49.6 99.2 1.1488 22.32
50 100 1.15 22.5
50.4 100.8 1.1512 22.68
50.8 101.6 1.1524 22.86
51.2 102.4 1.1536 23.04
51.6 103.2 1.1548 23.22
52 104 1.156 23.4
52.4 104.8 1.1572 23.58
52.8 105.6 1.1584 23.76
53.2 106.4 1.1596 23.94
53.6 107.2 1.1608 24.12
54 108 1.162 24.3
54.4 108.8 1.1632 24.48
54.8 109.6 1.1644 24.66
55.2 110.4 1.1656 24.84
55.6 111.2 1.1668 25.02
56 112 1.168 25.2
56.4 112.8 1.1692 25.38
56.8 113.6 1.1704 25.56
57.2 114.4 1.1716 25.74
57.6 115.2 1.1728 25.92
58 116 1.174 26.1
58.4 116.8 1.1752 26.28
58.8 117.6 1.1764 26.46
59.2 118.4 1.1776 26.64
59.6 119.2 1.1788 26.82
60 120 1.18 27
60.4 120.8 1.1812 27.18
60.8 121.6 1.1824 27.36
61.2 122.4 1.1836 27.54
61.6 123.2 1.1848 27.72
62 124 1.186 27.9
62.4 124.8 1.1872 28.08
62.8 125.6 1.1884 28.26
63.2 126.4 1.1896 28.44
63.6 127.2 1.1908 28.62
64 128 1.192 28.8
64.4 128.8 1.1932 28.98
64.8 129.6 1.1944 29.16
65.2 130.4 1.1956 29.34
65.6 131.2 1.1968 29.52
66 132 1.198 29.7
66.4 132.8 1.1992 29.88
66.8 133.6 1.2004 30.06
67.2 134.4 1.2016 30.24
67.6 135.2 1.2028 30.42
68 136 1.204 30.6
68.4 136.8 1.2052 30.78
68.8 137.6 1.2064 30.96
69.2 138.4 1.2076 31.14
69.6 139.2 1.2088 31.32
70 140 1.21 31.5
70.4 140.8 1.2112 31.68
70.8 141.6 1.2124 31.86
71.2 142.4 1.2136 32.04
71.6 143.2 1.2148 32.22
72 144 1.216 32.4
72.4 144.8 1.2172 32.58
72.8 145.6 1.2184 32.76
73.2 146.4 1.2196 32.94
73.6 147.2 1.2208 33.12
74 148 1.222 33.3
74.4 148.8 1.2232 33.48
74.8 149.6 1.2244 33.66
75.2 150.4 1.2256 33.84
75.6 151.2 1.2268 34.02
76 152 1.228 34.2
76.4 152.8 1.2292 34.38
76.8 153.6 1.2304 34.56
77.2 154.4 1.2316 34.74
77.6 155.2 1.2328 34.92
78 156 1.234 35.1
78.4 156.8 1.2352 35.28
78.8 157.6 1.2364 35.46
79.2 158.4 1.2376 35.64
79.6 159.2 1.2388 35.82
80 160 1.24 36
80.4 160.8 1.2412 36.18
80.8 161.6 1.2424 36.36
81.2 162.4 1.2436 36.54
81.6 163.2 1.2448 36.72
82 164 1.246 36.9
82.4 164.8 1.2472 37.08
82.8 165.6 1.2484 37.26
83.2 166.4 1.2496 37.44
83.6 167.2 1.2508 37.62
84 168 1.252 37.8
84.4 168.8 1.2532 37.98
84.8 169.6 1.2544 38.16
85.2 170.4 1.2556 38.34
85.6 171.2 1.2568 38.52
86 172 1.258 38.7
86.4 172.8 1.2592 38.88
86.8 173.6 1.2604 39.06
87.2 174.4 1.2616 39.24
87.6 175.2 1.2628 39.42
88 176 1.264 39.6
88.4 176.8 1.2652 39.78
88.8 177.6 1.2664 39.96
89.2 178.4 1.2676 40.14
89.6 179.2 1.2688 40.32
90 180 1.27 40.5
90.4 180.8 1.2712 40.68
90.8 181.6 1.2724 40.86
91.2 182.4 1.2736 41.04
91.6 183.2 1.2748 41.22
92 184 1.276 41.4
92.4 184.8 1.2772 41.58
92.8 185.6 1.2784 41.76
93.2 186.4 1.2796 41.94
93.6 187.2 1.2808 42.12
94 188 1.282 42.3
94.4 188.8 1.2832 42.48
94.8 189.6 1.2844 42.66
95.2 190.4 1.2856 42.84
95.6 191.2 1.2868 43.02
96 192 1.288 43.2
96.4 192.8 1.2892 43.38
96.8 193.6 1.2904 43.56
97.2 194.4 1.2916 43.74
97.6 195.2 1.2928 43.92
98 196 1.294 44.1
98.4 196.8 1.2952 44.28
98.8 197.6 1.2964 44.46
99.2 198.4 1.2976 44.64
99.6 199.2 1.2988 44.82
100 200 1.3 45
100.88 199.32 1.2984 44.732
101.76 198.64 1.2968 44.464
102.64 197.96 1.2952 44.196
103.52 197.28 1.2936 43.928
104.4 196.6 1.292 43.66
105.28 195.92 1.2904 43.392
106.16 195.24 1.2888 43.124
107.04 194.56 1.2872 42.856
107.92 193.88 1.2856 42.588
108.8 193.2 1.284 42.32
109.68 192.52 1.2824 42.052
110.56 191.84 1.2808 41.784
111.44 191.16 1.2792 41.516
112.32 190.48 1.2776 41.248
113.2 189.8 1.276 40.98
114.08 189.12 1.2744 40.712
114.96 188.44 1.2728 40.444
115.84 187.76 1.2712 40.176
116.72 187.08 1.2696 39.908
117.6 186.4 1.268 39.64
118.48 185.72 1.2664 39.372
119.36 185.04 1.2648 39.104
120.24 184.36 1.2632 38.836
121.12 183.68 1.2616 38.568
122 183 1.26 38.3
122.88 182.32 1.2584 38.032
123.76 181.64 1.2568 37.764
124.64 180.96 1.2552 37.496
125.52 180.28 1.2536 37.228
126.4 179.6 1.252 36.96
127.28 178.92 1.2504 36.692
128.16 178.24 1.2488 36.424
129.04 177.56 1.2472 36.156
129.92 176.88 1.2456 35.888
130.8 176.2 1.244 35.62
131.68 175.52 1.2424 35.352
132.56 174.84 1.2408 35.084
133.44 174.16 1.2392 34.816
134.32 173.48 1.2376 34.548
135.2 172.8 1.236 34.28
136.08 172.12 1.2344 34.012
136.96 171.44 1.2328 33.744
137.84 170.76 1.2312 33.476
138.72 170.08 1.2296 33.208
139.6 169.4 1.228 32.94
140.48 168.72 1.2264 32.672
141.36 168.04 1.2248 32.404
142.24 167.36 1.2232 32.136
143.12 166.68 1.2216 31.868
144 166 1.22 31.6
144.88 165.32 1.2184 31.332
145.76 164.64 1.2168 31.064
146.64 163.96 1.2152 30.796
147.52 163.28 1.2136 30.528
148.4 162.6 1.212 30.26
149.28 161.92 1.2104 29.992
150.16 161.24 1.2088 29.724
151.04 160.56 1.2072 29.456
151.92 159.88 1.2056 29.188
152.8 159.2 1.204 28.92
153.68 158.52 1.2024 28.652
154.56 157.84 1.2008 28.384
155.44 157.16 1.1992 28.116
156.32 156.48 1.1976 27.848
157.2 155.8 1.196 27.58
158.08 155.12 1.1944 27.312
158.96 154.44 1.1928 27.044
159.84 153.76 1.1912 26.776
160.72 153.08 1.1896 26.508
161.6 152.4 1.188 26.24
162.48 151.72 1.1864 25.972
163.36 151.04 1.1848 25.704
164.24 150.36 1.1832 25.436
165.12 149.68 1.1816 25.168
166 149 1.18 24.9
166.88 148.32 1.1784 24.632
167.76 147.64 1.1768 24.364
168.64 146.96 1.1752 24.096
169.52 146.28 1.1736 23.828
170.4 145.6 1.172 23.56
171.28 144.92 1.1704 23.292
172.16 144.24 1.1688 23.024
173.04 143.56 1.1672 22.756
173.92 142.88 1.1656 22.488
174.8 142.2 1.164 22.22
175.68 141.52 1.1624 21.952
176.56 140.84 1.1608 21.684
177.44 140.16 1.1592 21.416
178.32 139.48 1.1576 21.148
179.2 138.8 1.156 20.88
180.08 138.12 1.1544 20.612
180.96 137.44 1.1528 20.344
181.84 136.76 1.1512 20.076
182.72 136.08 1.1496 19.808
183.6 135.4 1.148 19.54
184.48 134.72 1.1464 19.272
185.36 134.04 1.1448 19.004
186.24 133.36 1.1432 18.736
187.12 132.68 1.1416 18.468
188 132 1.14 18.2
188.88 131.32 1.1384 17.932
189.76 130.64 1.1368 17.664
190.64 129.96 1.1352 17.396
191.52 129.28 1.1336 17.128
192.4 128.6 1.132 16.86
193.28 127.92 1.1304 16.592
194.16 127.24 1.1288 16.324
195.04 126.56 1.1272 16.056
195.92 125.88 1.1256 15.788
196.8 125.2 1.124 15.52
197.68 124.52 1.1224 15.252
198.56 123.84 1.1208 14.984
199.44 123.16 1.1192 14.716
200.32 122.48 1.1176 14.448
201.2 121.8 1.116 14.18
202.08 121.12 1.1144 13.912
202.96 120.44 1.1128 13.644
203.84 119.76 1.1112 13.376
204.72 119.08 1.1096 13.108
205.6 118.4 1.108 12.84
206.48 117.72 1.1064 12.572
207.36 117.04 1.1048 12.304
208.24 116.36 1.1032 12.036
209.12 115.68 1.1016 11.768
210 115 1.1 11.5
210.88 114.32 1.0984 11.232
211.76 113.64 1.0968 10.964
212.64 112.96 1.0952 10.696
213.52 112.28 1.0936 10.428
214.4 111.6 1.092 10.16
215.28 110.92 1.0904 9.892
216.16 110.24 1.0888 9.624
217.04 109.56 1.0872 9.356
217.92 108.88 1.0856 9.088
218.8 108.2 1.084 8.82
219.68 107.52 1.0824 8.552
220.56 106.84 1.0808 8.284
221.44 106.16 1.0792 8.016
222.32 105.48 1.0776 7.748
223.2 104.8 1.076 7.48
224.08 104.12 1.0744 7.212
224.96 103.44 1.0728 6.944
225.84 102.76 1.0712 6.676
226.72 102.08 1.0696 6.408
227.6 101.4 1.068 6.14
228.48 100.72 1.0664 5.872
229.36 100.04 1.0648 5.604
230.24 99.36 1.0632 5.336
231.12 98.68 1.0616 5.068
232 98 1.06 4.8
232.88 97.32 1.0584 4.532
233.76 96.64 1.0568 4.264
234.64 95.96 1.0552 3.996
235.52 95.28 1.0536 3.728
236.4 94.6 1.052 3.46
237.28 93.92 1.0504 3.192
238.16 93.24 1.0488 2.924
239.04 92.56 1.0472 2.656
239.92 91.88 1.0456 2.388
240.8 91.2 1.044 2.12
241.68 90.52 1.0424 1.852
242.56 89.84 1.0408 1.584
243.44 89.16 1.0392 1.316
244.32 88.48 1.0376 1.048
245.2 87.8 1.036 0.78
246.08 87.12 1.0344 0.512
246.96 86.44 1.0328 0.244
247.84 85.76 1.0312 -0.024
248.72 85.08 1.0296 -0.292
249.6 84.4 1.028 -0.56
250.48 83.72 1.0264 -0.828
251.36 83.04 1.0248 -1.096
252.24 82.36 1.0232 -1.364
253.12 81.68 1.0216 -1.632
254 81 1.02 -1.9
254.88 80.32 1.0184 -2.168
255.76 79.64 1.0168 -2.436
256.64 78.96 1.0152 -2.704
257.52 78.28 1.0136 -2.972
258.4 77.6 1.012 -3.24
259.28 76.92 1.0104 -3.508
260.16 76.24 1.0088 -3.776
261.04 75.56 1.0072 -4.044
261.92 74.88 1.0056 -4.312
262.8 74.2 1.004 -4.58
263.68 73.52 1.0024 -4.848
264.56 72.84 1.0008 -5.116
265.44 72.16 0.9992 -5.384
266.32 71.48 0.9976 -5.652
267.2 70.8 0.996 -5.92
268.08 70.12 0.9944 -6.188
268.96 69.44 0.9928 -6.456
269.84 68.76 0.9912 -6.724
270.72 68.08 0.9896 -6.992
271.6 67.4 0.988 -7.26
272.48 66.72 0.9864 -7.528
273.36 66.04 0.9848 -7.796
274.24 65.36 0.9832 -8.064
275.12 64.68 0.9816 -8.332
276 64 0.98 -8.6
276.88 63.32 0.9784 -8.868
277.76 62.64 0.9768 -9.136
278.64 61.96 0.9752 -9.404
279.52 61.28 0.9736 -9.672
280.4 60.6 0.972 -9.94
281.28 59.92 0.9704 -10.208
282.16 59.24 0.9688 -10.476
283.04 58.56 0.9672 -10.744
283.92 57.88 0.9656 -11.012
284.8 57.2 0.964 -11.28
285.68 56.52 0.9624 -11.548
286.56 55.84 0.9608 -11.816
287.44 55.16 0.9592 -12.084
288.32 54.48 0.9576 -12.352
289.2 53.8 0.956 -12.62
290.08 53.12 0.9544 -12.888
290.96 52.44 0.9528 -13.156
291.84 51.76 0.9512 -13.424
292.72 51.08 0.9496 -13.692
293.6 50.4 0.948 -13.96
294.48 49.72 0.9464 -14.228
295.36 49.04 0.9448 -14.496
296.24 48.36 0.9432 -14.764
297.12 47.68 0.9416 -15.032
298 47 0.94 -15.3
298.88 46.32 0.9384 -15.568
299.76 45.64 0.9368 -15.836
300.64 44.96 0.9352 -16.104
301.52 44.28 0.9336 -16.372
302.4 43.6 0.932 -16.64
303.28 42.92 0.9304 -16.908
304.16 42.24 0.9288 -17.176
305.04 41.56 0.9272 -17.444
305.92 40.88 0.9256 -17.712
306.8 40.2 0.924 -17.98
307.68 39.52 0.9224 -18.248
308.56 38.84 0.9208 -18.516
309.44 38.16 0.9192 -18.784
310.32 37.48 0.9176 -19.052
311.2 36.8 0.916 -19.32
312.08 36.12 0.9144 -19.588
312.96 35.44 0.9128 -19.856
313.84 34.76 0.9112 -20.124
314.72 34.08 0.9096 -20.392
315.6 33.4 0.908 -20.66
316.48 32.72 0.9064 -20.928
317.36 32.04 0.9048 -21.196
318.24 31.36 0.9032 -21.464
319.12 30.68 0.9016 -21.732
320 30 0.9 -22
321.12 30.28 0.8996 -22
322.24 30.56 0.8992 -22
323.36 30.84 0.8988 -22
324.48 31.12 0.8984 -22
325.6 31.4 0.898 -22
326.72 31.68 0.8976 -22
327.84 31.96 0.8972 -22
328.96 32.24 0.8968 -22
330.08 32.52 0.8964 -22
331.2 32.8 0.896 -22
332.32 33.08 0.8956 -22
333.44 33.36 0.8952 -22
334.56 33.64 0.8948 -22
335.68 33.92 0.8944 -22
336.8 34.2 0.894 -22
337.92 34.48 0.8936 -22
339.04 34.76 0.8932 -22
340.16 35.04 0.8928 -22
341.28 35.32 0.8924 -22
342.4 35.6 0.892 -22
343.52 35.88 0.8916 -22
344.64 36.16 0.8912 -22
345.76 36.44 0.8908 -22
346.88 36.72 0.8904 -22
348 37 0.89 -22
349.12 37.28 0.8896 -22
350.24 37.56 0.8892 -22
351.36 37.84 0.8888 -22
352.48 38.12 0.8884 -22
353.6 38.4 0.888 -22
354.72 38.68 0.8876 -22
355.84 38.96 0.8872 -22
356.96 39.24 0.8868 -22
358.08 39.52 0.8864 -22
359.2 39.8 0.886 -22
360.32 40.08 0.8856 -22
361.44 40.36 0.8852 -22
362.56 40.64 0.8848 -22
363.68 40.92 0.8844 -22
364.8 41.2 0.884 -22
365.92 41.48 0.8836 -22
367.04 41.76 0.8832 -22
368.16 42.04 0.8828 -22
369.28 42.32 0.8824 -22
370.4 42.6 0.882 -22
371.52 42.88 0.8816 -22
372.64 43.16 0.8812 -22
373.76 43.44 0.8808 -22
374.88 43.72 0.8804 -22
376 44 0.88 -22
377.12 44.28 0.8796 -22
378.24 44.56 0.8792 -22
379.36 44.84 0.8788 -22
380.48 45.12 0.8784 -22
381.6 45.4 0.878 -22
382.72 45.68 0.8776 -22
383.84 45.96 0.8772 -22
384.96 46.24 0.8768 -22
386.08 46.52 0.8764 -22
387.2 46.8 0.876 -22
388.32 47.08 0.8756 -22
389.44 47.36 0.8752 -22
390.56 47.64 0.8748 -22
391.68 47.92 0.8744 -22
392.8 48.2 0.874 -22
393.92 48.48 0.8736 -22
395.04 48.76 0.8732 -22
396.16 49.04 0.8728 -22
397.28 49.32 0.8724 -22
398.4 49.6 0.872 -22
399.52 49.88 0.8716 -22
400.64 50.16 0.8712 -22
401.76 50.44 0.8708 -22
402.88 50.72 0.8704 -22
404 51 0.87 -22
405.12 51.28 0.8696 -22
406.24 51.56 0.8692 -22
407.36 51.84 0.8688 -22
408.48 52.12 0.8684 -22
409.6 52.4 0.868 -22
410.72 52.68 0.8676 -22
411.84 52.96 0.8672 -22
412.96 53.24 0.8668 -22
414.08 53.52 0.8664 -22
415.2 53.8 0.866 -22
416.32 54.08 0.8656 -22
417.44 54.36 0.8652 -22
418.56 54.64 0.8648 -22
419.68 54.92 0.8644 -22
420.8 55.2 0.864 -22
421.92 55.48 0.8636 -22
423.04 55.76 0.8632 -22
424.16 56.04 0.8628 -22
425.28 56.32 0.8624 -22
426.4 56.6 0.862 -22
427.52 56.88 0.8616 -22
428.64 57.16 0.8612 -22
429.76 57.44 0.8608 -22
430.88 57.72 0.8604 -22
432 58 0.86 -22
433.12 58.28 0.8596 -22
434.24 58.56 0.8592 -22
435.36 58.84 0.8588 -22
436.48 59.12 0.8584 -22
437.6 59.4 0.858 -22
438.72 59.68 0.8576 -22
439.84 59.96 0.8572 -22
440.96 60.24 0.8568 -22
442.08 60.52 0.8564 -22
443.2 60.8 0.856 -22
444.32 61.08 0.8556 -22
445.44 61.36 0.8552 -22
446.56 61.64 0.8548 -22
447.68 61.92 0.8544 -22
448.8 62.2 0.854 -22
449.92 62.48 0.8536 -22
451.04 62.76 0.8532 -22
452.16 63.04 0.8528 -22
453.28 63.32 0.8524 -22
454.4 63.6 0.852 -22
455.52 63.88 0.8516 -22
456.64 64.16 0.8512 -22
457.76 64.44 0.8508 -22
458.88 64.72 0.8504 -22
460 65 0.85 -22
461.12 65.28 0.8496 -22
462.24 65.56 0.8492 -22
463.36 65.84 0.8488 -22
464.48 66.12 0.8484 -22
465.6 66.4 0.848 -22
466.72 66.68 0.8476 -22
467.84 66.96 0.8472 -22
468.96 67.24 0.8468 -22
470.08 67.52 0.8464 -22
471.2 67.8 0.846 -22
472.32 68.08 0.8456 -22
473.44 68.36 0.8452 -22
474.56 68.64 0.8448 -22
475.68 68.92 0.8444 -22
476.8 69.2 0.844 -22
477.92 69.48 0.8436 -22
479.04 69.76 0.8432 -22
480.16 70.04 0.8428 -22
481.28 70.32 0.8424 -22
482.4 70.6 0.842 -22
483.52 70.88 0.8416 -22
484.64 71.16 0.8412 -22
485.76 71.44 0.8408 -22
486.88 71.72 0.8404 -22
488 72 0.84 -22
489.12 72.28 0.8396 -22
490.24 72.56 0.8392 -22
491.36 72.84 0.8388 -22
492.48 73.12 0.8384 -22
493.6 73.4 0.838 -22
494.72 73.68 0.8376 -22
495.84 73.96 0.8372 -22
496.96 74.24 0.8368 -22
498.08 74.52 0.8364 -22
499.2 74.8 0.836 -22
500.32 75.08 0.8356 -22
501.44 75.36 0.8352 -22
502.56 75.64 0.8348 -22
503.68 75.92 0.8344 -22
504.8 76.2 0.834 -22
505.92 76.48 0.8336 -22
507.04 76.76 0.8332 -22
508.16 77.04 0.8328 -22
509.28 77.32 0.8324 -22
510.4 77.6 0.832 -22
511.52 77.88 0.8316 -22
512.64 78.16 0.8312 -22
513.76 78.44 0.8308 -22
514.88 78.72 0.8304 -22
516 79 0.83 -22
517.12 79.28 0.8296 -22
518.24 79.56 0.8292 -22
519.36 79.84 0.8288 -22
520.48 80.12 0.8284 -22
521.6 80.4 0.828 -22
522.72 80.68 0.8276 -22
523.84 80.96 0.8272 -22
524.96 81.24 0.8268 -22
526.08 81.52 0.8264 -22
527.2 81.8 0.826 -22
528.32 82.08 0.8256 -22
529.44 82.36 0.8252 -22
530.56 82.64 0.8248 -22
531.68 82.92 0.8244 -22
532.8 83.2 0.824 -22
533.92 83.48 0.8236 -22
535.04 83.76 0.8232 -22
536.16 84.04 0.8228 -22
537.28 84.32 0.8224 -22
538.4 84.6 0.822 -22
539.52 84.88 0.8216 -22
540.64 85.16 0.8212 -22
541.76 85.44 0.8208 -22
542.88 85.72 0.8204 -22
544 86 0.82 -22
545.12 86.28 0.8196 -22
546.24 86.56 0.8192 -22
547.36 86.84 0.8188 -22
548.48 87.12 0.8184 -22
549.6 87.4 0.818 -22
550.72 87.68 0.8176 -22
551.84 87.96 0.8172 -22
552.96 88.24 0.8168 -22
554.08 88.52 0.8164 -22
555.2 88.8 0.816 -22
556.32 89.08 0.8156 -22
557.44 89.36 0.8152 -22
558.56 89.64 0.8148 -22
559.68 89.92 0.8144 -22
560.8 90.2 0.814 -22
561.92 90.48 0.8136 -22
563.04 90.76 0.8132 -22
564.16 91.04 0.8128 -22
565.28 91.32 0.8124 -22
566.4 91.6 0.812 -22
567.52 91.88 0.8116 -22
568.64 92.16 0.8112 -22
569.76 92.44 0.8108 -22
570.88 92.72 0.8104 -22
572 93 0.81 -22
573.12 93.28 0.8096 -22
574.24 93.56 0.8092 -22
575.36 93.84 0.8088 -22
576.48 94.12 0.8084 -22
577.6 94.4 0.808 -22
578.72 94.68 0.8076 -22
579.84 94.96 0.8072 -22
580.96 95.24 0.8068 -22
582.08 95.52 0.8064 -22
583.2 95.8 0.806 -22
584.32 96.08 0.8056 -22
585.44 96.36 0.8052 -22
586.56 96.64 0.8048 -22
587.68 96.92 0.8044 -22
588.8 97.2 0.804 -22
589.92 97.48 0.8036 -22
591.04 97.76 0.8032 -22
592.16 98.04 0.8028 -22
593.28 98.32 0.8024 -22
594.4 98.6 0.802 -22
595.52 98.88 0.8016 -22
596.64 99.16 0.8012 -22
597.76 99.44 0.8008 -22
598.88 99.72 0.8004 -22
600 100 0.8 -22
598 98.8 0.8008 -21.952
596 97.6 0.8016 -21.904
594 96.4 0.8024 -21.856
592 95.2 0.8032 -21.808
590 94 0.804 -21.76
588 92.8 0.8048 -21.712
586 91.6 0.8056 -21.664
584 90.4 0.8064 -21.616
582 89.2 0.8072 -21.568
580 88 0.808 -21.52
578 86.8 0.8088 -21.472
576 85.6 0.8096 -21.424
574 84.4 0.8104 -21.376
572 83.2 0.8112 -21.328
570 82 0.812 -21.28
568 80.8 0.8128 -21.232
566 79.6 0.8136 -21.184
564 78.4 0.8144 -21.136
562 77.2 0.8152 -21.088
560 76 0.816 -21.04
558 74.8 0.8168 -20.992
556 73.6 0.8176 -20.944
554 72.4 0.8184 -20.896
552 71.2 0.8192 -20.848
550 70 0.82 -20.8
548 68.8 0.8208 -20.752
546 67.6 0.8216 -20.704
544 66.4 0.8224 -20.656
542 65.2 0.8232 -20.608
540 64 0.824 -20.56
538 62.8 0.8248 -20.512
536 61.6 0.8256 -20.464
534 60.4 0.8264 -20.416
532 59.2 0.8272 -20.368
530 58 0.828 -20.32
528 56.8 0.8288 -20.272
526 55.6 0.8296 -20.224
524 54.4 0.8304 -20.176
522 53.2 0.8312 -20.128
520 52 0.832 -20.08
518 50.8 0.8328 -20.032
516 49.6 0.8336 -19.984
514 48.4 0.8344 -19.936
512 47.2 0.8352 -19.888
510 46 0.836 -19.84
508 44.8 0.8368 -19.792
506 43.6 0.8376 -19.744
504 42.4 0.8384 -19.696
502 41.2 0.8392 -19.648
500 40 0.84 -19.6
498 38.8 0.8408 -19.552
496 37.6 0.8416 -19.504
494 36.4 0.8424 -19.456
492 35.2 0.8432 -19.408
490 34 0.844 -19.36
488 32.8 0.8448 -19.312
486 31.6 0.8456 -19.264
484 30.4 0.8464 -19.216
482 29.2 0.8472 -19.168
480 28 0.848 -19.12
478 26.8 0.8488 -19.072
476 25.6 0.8496 -19.024
474 24.4 0.8504 -18.976
472 23.2 0.8512 -18.928
470 22 0.852 -18.88
468 20.8 0.8528 -18.832
466 19.6 0.8536 -18.784
464 18.4 0.8544 -18.736
462 17.2 0.8552 -18.688
460 16 0.856 -18.64
458 14.8 0.8568 -18.592
456 13.6 0.8576 -18.544
454 12.4 0.8584 -18.496
452 11.2 0.8592 -18.448
450 10 0.86 -18.4
448 8.8 0.8608 -18.352
446 7.6 0.8616 -18.304
444 6.4 0.8624 -18.256
442 5.2 0.8632 -18.208
440 4 0.864 -18.16
438 2.8 0.8648 -18.112
436 1.6 0.8656 -18.064
434 0.4 0.8664 -18.016
432 -0.8 0.8672 -17.968
430 -2 0.868 -17.92
428 -3.2 0.8688 -17.872
426 -4.4 0.8696 -17.824
424 -5.6 0.8704 -17.776
422 -6.8 0.8712 -17.728
420 -8 0.872 -17.68
418 -9.2 0.8728 -17.632
416 -10.4 0.8736 -17.584
414 -11.6 0.8744 -17.536
412 -12.8 0.8752 -17.488
410 -14 0.876 -17.44
408 -15.2 0.8768 -17.392
406 -16.4 0.8776 -17.344
404 -17.6 0.8784 -17.296
402 -18.8 0.8792 -17.248
400 -20 0.88 -17.2
398 -21.2 0.8808 -17.152
396 -22.4 0.8816 -17.104
394 -23.6 0.8824 -17.056
392 -24.8 0.8832 -17.008
390 -26 0.884 -16.96
388 -27.2 0.8848 -16.912
386 -28.4 0.8856 -16.864
384 -29.6 0.8864 -16.816
382 -30.8 0.8872 -16.768
380 -32 0.888 -16.72
378 -33.2 0.8888 -16.672
376 -34.4 0.8896 -16.624
374 -35.6 0.8904 -16.576
372 -36.8 0.8912 -16.528
370 -38 0.892 -16.48
368 -39.2 0.8928 -16.432
366 -40.4 0.8936 -16.384
364 -41.6 0.8944 -16.336
362 -42.8 0.8952 -16.288
360 -44 0.896 -16.24
358 -45.2 0.8968 -16.192
356 -46.4 0.8976 -16.144
354 -47.6 0.8984 -16.096
352 -48.8 0.8992 -16.048
350 -50 0.9 -16
348 -51.2 0.9008 -15.952
346 -52.4 0.9016 -15.904
344 -53.6 0.9024 -15.856
342 -54.8 0.9032 -15.808
340 -56 0.904 -15.76
338 -57.2 0.9048 -15.712
336 -58.4 0.9056 -15.664
334 -59.6 0.9064 -15.616
332 -60.8 0.9072 -15.568
330 -62 0.908 -15.52
328 -63.2 0.9088 -15.472
326 -64.4 0.9096 -15.424
324 -65.6 0.9104 -15.376
322 -66.8 0.9112 -15.328
320 -68 0.912 -15.28
318 -69.2 0.9128 -15.232
316 -70.4 0.9136 -15.184
314 -71.6 0.9144 -15.136
312 -72.8 0.9152 -15.088
310 -74 0.916 -15.04
308 -75.2 0.9168 -14.992
306 -76.4 0.9176 -14.944
304 -77.6 0.9184 -14.896
302 -78.8 0.9192 -14.848
300 -80 0.92 -14.8
298 -81.2 0.9208 -14.752
296 -82.4 0.9216 -14.704
294 -83.6 0.9224 -14.656
292 -84.8 0.9232 -14.608
290 -86 0.924 -14.56
288 -87.2 0.9248 -14.512
286 -88.4 0.9256 -14.464
284 -89.6 0.9264 -14.416
282 -90.8 0.9272 -14.368
280 -92 0.928 -14.32
278 -93.2 0.9288 -14.272
276 -94.4 0.9296 -14.224
274 -95.6 0.9304 -14.176
272 -96.8 0.9312 -14.128
270 -98 0.932 -14.08
268 -99.2 0.9328 -14.032
266 -100.4 0.9336 -13.984
264 -101.6 0.9344 -13.936
262 -102.8 0.9352 -13.888
260 -104 0.936 -13.84
258 -105.2 0.9368 -13.792
256 -106.4 0.9376 -13.744
254 -107.6 0.9384 -13.696
252 -108.8 0.9392 -13.648
250 -110 0.94 -13.6
248 -111.2 0.9408 -13.552
246 -112.4 0.9416 -13.504
244 -113.6 0.9424 -13.456
242 -114.8 0.9432 -13.408
240 -116 0.944 -13.36
238 -117.2 0.9448 -13.312
236 -118.4 0.9456 -13.264
234 -119.6 0.9464 -13.216
232 -120.8 0.9472 -13.168
230 -122 0.948 -13.12
228 -123.2 0.9488 -13.072
226 -124.4 0.9496 -13.024
224 -125.6 0.9504 -12.976
222 -126.8 0.9512 -12.928
220 -128 0.952 -12.88
218 -129.2 0.9528 -12.832
216 -130.4 0.9536 -12.784
214 -131.6 0.9544 -12.736
212 -132.8 0.9552 -12.688
210 -134 0.956 -12.64
208 -135.2 0.9568 -12.592
206 -136.4 0.9576 -12.544
204 -137.6 0.9584 -12.496
202 -138.8 0.9592 -12.448
200 -140 0.96 -12.4
198 -141.2 0.9608 -12.352
196 -142.4 0.9616 -12.304
194 -143.6 0.9624 -12.256
192 -144.8 0.9632 -12.208
190 -146 0.964 -12.16
188 -147.2 0.9648 -12.112
186 -148.4 0.9656 -12.064
184 -149.6 0.9664 -12.016
182 -150.8 0.9672 -11.968
180 -152 0.968 -11.92
178 -153.2 0.9688 -11.872
176 -154.4 0.9696 -11.824
174 -155.6 0.9704 -11.776
172 -156.8 0.9712 -11.728
170 -158 0.972 -11.68
168 -159.2 0.9728 -11.632
166 -160.4 0.9736 -11.584
164 -161.6 0.9744 -11.536
162 -162.8 0.9752 -11.488
160 -164 0.976 -11.44
158 -165.2 0.9768 -11.392
156 -166.4 0.9776 -11.344
154 -167.6 0.9784 -11.296
152 -168.8 0.9792 -11.248
150 -170 0.98 -11.2
148 -171.2 0.9808 -11.152
146 -172.4 0.9816 -11.104
144 -173.6 0.9824 -11.056
142 -174.8 0.9832 -11.008
140 -176 0.984 -10.96
138 -177.2 0.9848 -10.912
136 -178.4 0.9856 -10.864
134 -179.6 0.9864 -10.816
132 -180.8 0.9872 -10.768
130 -182 0.988 -10.72
128 -183.2 0.9888 -10.672
126 -184.4 0.9896 -10.624
124 -185.6 0.9904 -10.576
122 -186.8 0.9912 -10.528
120 -188 0.992 -10.48
118 -189.2 0.9928 -10.432
116 -190.4 0.9936 -10.384
114 -191.6 0.9944 -10.336
112 -192.8 0.9952 -10.288
110 -194 0.996 -10.24
108 -195.2 0.9968 -10.192
106 -196.4 0.9976 -10.144
104 -197.6 0.9984 -10.096
102 -198.8 0.9992 -10.048
100 -200 1 -10
98.8 -200.2 1.0008 -9.88
97.6 -200.4 1.0016 -9.76
96.4 -200.6 1.0024 -9.64
95.2 -200.8 1.0032 -9.52
94 -201 1.004 -9.4
92.8 -201.2 1.0048 -9.28
91.6 -201.4 1.0056 -9.16
90.4 -201.6 1.0064 -9.04
89.2 -201.8 1.0072 -8.92
88 -202 1.008 -8.8
86.8 -202.2 1.0088 -8.68
85.6 -202.4 1.0096 -8.56
84.4 -202.6 1.0104 -8.44
83.2 -202.8 1.0112 -8.32
82 -203 1.012 -8.2
80.8 -203.2 1.0128 -8.08
79.6 -203.4 1.0136 -7.96
78.4 -203.6 1.0144 -7.84
77.2 -203.8 1.0152 -7.72
76 -204 1.016 -7.6
74.8 -204.2 1.0168 -7.48
73.6 -204.4 1.0176 -7.36
72.4 -204.6 1.0184 -7.24
71.2 -204.8 1.0192 -7.12
70 -205 1.02 -7
68.8 -205.2 1.0208 -6.88
67.6 -205.4 1.0216 -6.76
66.4 -205.6 1.0224 -6.64
65.2 -205.8 1.0232 -6.52
64 -206 1.024 -6.4
62.8 -206.2 1.0248 -6.28
61.6 -206.4 1.0256 -6.16
60.4 -206.6 1.0264 -6.04
59.2 -206.8 1.0272 -5.92
58 -207 1.028 -5.8
56.8 -207.2 1.0288 -5.68
55.6 -207.4 1.0296 -5.56
54.4 -207.6 1.0304 -5.44
53.2 -207.8 1.0312 -5.32
52 -208 1.032 -5.2
50.8 -208.2 1.0328 -5.08
49.6 -208.4 1.0336 -4.96
48.4 -208.6 1.0344 -4.84
47.2 -208.8 1.0352 -4.72
46 -209 1.036 -4.6
44.8 -209.2 1.0368 -4.48
43.6 -209.4 1.0376 -4.36
42.4 -209.6 1.0384 -4.24
41.2 -209.8 1.0392 -4.12
40 -210 1.04 -4
38.8 -210.2 1.0408 -3.88
37.6 -210.4 1.0416 -3.76
36.4 -210.6 1.0424 -3.64
35.2 -210.8 1.0432 -3.52
34 -211 1.044 -3.4
32.8 -211.2 1.0448 -3.28
31.6 -211.4 1.0456 -3.16
30.4 -211.6 1.0464 -3.04
29.2 -211.8 1.0472 -2.92
28 -212 1.048 -2.8
26.8 -212.2 1.0488 -2.68
25.6 -212.4 1.0496 -2.56
24.4 -212.6 1.0504 -2.44
23.2 -212.8 1.0512 -2.32
22 -213 1.052 -2.2
20.8 -213.2 1.0528 -2.08
19.6 -213.4 1.0536 -1.96
18.4 -213.6 1.0544 -1.84
17.2 -213.8 1.0552 -1.72
16 -214 1.056 -1.6
14.8 -214.2 1.0568 -1.48
13.6 -214.4 1.0576 -1.36
12.4 -214.6 1.0584 -1.24
11.2 -214.8 1.0592 -1.12
10 -215 1.06 -1
8.8 -215.2 1.0608 -0.88
7.6 -215.4 1.0616 -0.76
6.4 -215.6 1.0624 -0.64
5.2 -215.8 1.0632 -0.52
4 -216 1.064 -0.4
2.8 -216.2 1.0648 -0.28
1.6 -216.4 1.0656 -0.16
0.4 -216.6 1.0664 -0.04
-0.8 -216.8 1.0672 0.08
-2 -217 1.068 0.2
-3.2 -217.2 1.0688 0.32
-4.4 -217.4 1.0696 0.44
-5.6 -217.6 1.0704 0.56
-6.8 -217.8 1.0712 0.68
-8 -218 1.072 0.8
-9.2 -218.2 1.0728 0.92
-10.4 -218.4 1.0736 1.04
-11.6 -218.6 1.0744 1.16
-12.8 -218.8 1.0752 1.28
-14 -219 1.076 1.4
-15.2 -219.2 1.0768 1.52
-16.4 -219.4 1.0776 1.64
-17.6 -219.6 1.0784 1.76
-18.8 -219.8 1.0792 1.88
-20 -220 1.08 2
-21.2 -220.2 1.0808 2.12
-22.4 -220.4 1.0816 2.24
-23.6 -220.6 1.0824 2.36
-24.8 -220.8 1.0832 2.48
-26 -221 1.084 2.6
-27.2 -221.2 1.0848 2.72
-28.4 -221.4 1.0856 2.84
-29.6 -221.6 1.0864 2.96
-30.8 -221.8 1.0872 3.08
-32 -222 1.088 3.2
-33.2 -222.2 1.0888 3.32
-34.4 -222.4 1.0896 3.44
-35.6 -222.6 1.0904 3.56
-36.8 -222.8 1.0912 3.68
-38 -223 1.092 3.8
-39.2 -223.2 1.0928 3.92
-40.4 -223.4 1.0936 4.04
-41.6 -223.6 1.0944 4.16
-42.8 -223.8 1.0952 4.28
-44 -224 1.096 4.4
-45.2 -224.2 1.0968 4.52
-46.4 -224.4 1.0976 4.64
-47.6 -224.6 1.0984 4.76
-48.8 -224.8 1.0992 4.88
-50 -225 1.1 5
-51.2 -225.2 1.1008 5.12
-52.4 -225.4 1.1016 5.24
-53.6 -225.6 1.1024 5.36
-54.8 -225.8 1.1032 5.48
-56 -226 1.104 5.6
-57.2 -226.2 1.1048 5.72
-58.4 -226.4 1.1056 5.84
-59.6 -226.6 1.1064 5.96
-60.8 -226.8 1.1072 6.08
-62 -227 1.108 6.2
-63.2 -227.2 1.1088 6.32
-64.4 -227.4 1.1096 6.44
-65.6 -227.6 1.1104 6.56
-66.8 -227.8 1.1112 6.68
-68 -228 1.112 6.8
-69.2 -228.2 1.1128 6.92
-70.4 -228.4 1.1136 7.04
-71.6 -228.6 1.1144 7.16
-72.8 -228.8 1.1152 7.28
-74 -229 1.116 7.4
-75.2 -229.2 1.1168 7.52
-76.4 -229.4 1.1176 7.64
-77.6 -229.6 1.1184 7.76
-78.8 -229.8 1.1192 7.88
-80 -230 1.12 8
-81.2 -230.2 1.1208 8.12
-82.4 -230.4 1.1216 8.24
-83.6 -230.6 1.1224 8.36
-84.8 -230.8 1.1232 8.48
-86 -231 1.124 8.6
-87.2 -231.2 1.1248 8.72
-88.4 -231.4 1.1256 8.84
-89.6 -231.6 1.1264 8.96
-90.8 -231.8 1.1272 9.08
-92 -232 1.128 9.2
-93.2 -232.2 1.1288 9.32
-94.4 -232.4 1.1296 9.44
-95.6 -232.6 1.1304 9.56
-96.8 -232.8 1.1312 9.68
-98 -233 1.132 9.8
-99.2 -233.2 1.1328 9.92
-100.4 -233.4 1.1336 10.04
-101.6 -233.6 1.1344 10.16
-102.8 -233.8 1.1352 10.28
-104 -234 1.136 10.4
-105.2 -234.2 1.1368 10.52
-106.4 -234.4 1.1376 10.64
-107.6 -234.6 1.1384 10.76
-108.8 -234.8 1.1392 10.88
-110 -235 1.14 11
-111.2 -235.2 1.1408 11.12
-112.4 -235.4 1.1416 11.24
-113.6 -235.6 1.1424 11.36
-114.8 -235.8 1.1432 11.48
-116 -236 1.144 11.6
-117.2 -236.2 1.1448 11.72
-118.4 -236.4 1.1456 11.84
-119.6 -236.6 1.1464 11.96
-120.8 -236.8 1.1472 12.08
-122 -237 1.148 12.2
-123.2 -237.2 1.1488 12.32
-124.4 -237.4 1.1496 12.44
-125.6 -237.6 1.1504 12.56
-126.8 -237.8 1.1512 12.68
-128 -238 1.152 12.8
-129.2 -238.2 1.1528 12.92
-130.4 -238.4 1.1536 13.04
-131.6 -238.6 1.1544 13.16
-132.8 -238.8 1.1552 13.28
-134 -239 1.156 13.4
-135.2 -239.2 1.1568 13.52
-136.4 -239.4 1.1576 13.64
-137.6 -239.6 1.1584 13.76
-138.8 -239.8 1.1592 13.88
-140 -240 1.16 14
-141.2 -240.2 1.1608 14.12
-142.4 -240.4 1.1616 14.24
-143.6 -240.6 1.1624 14.36
-144.8 -240.8 1.1632 14.48
-146 -241 1.164 14.6
-147.2 -241.2 1.1648 14.72
-148.4 -241.4 1.1656 14.84
-149.6 -241.6 1.1664 14.96
-150.8 -241.8 1.1672 15.08
-152 -242 1.168 15.2
-153.2 -242.2 1.1688 15.32
-154.4 -242.4 1.1696 15.44
-155.6 -242.6 1.1704 15.56
-156.8 -242.8 1.1712 15.68
-158 -243 1.172 15.8
-159.2 -243.2 1.1728 15.92
-160.4 -243.4 1.1736 16.04
-161.6 -243.6 1.1744 16.16
-162.8 -243.8 1.1752 16.28
-164 -244 1.176 16.4
-165.2 -244.2 1.1768 16.52
-166.4 -244.4 1.1776 16.64
-167.6 -244.6 1.1784 16.76
-168.8 -244.8 1.1792 16.88
-170 -245 1.18 17
-171.2 -245.2 1.1808 17.12
-172.4 -245.4 1.1816 17.24
-173.6 -245.6 1.1824 17.36
-174.8 -245.8 1.1832 17.48
-176 -246 1.184 17.6
-177.2 -246.2 1.1848 17.72
-178.4 -246.4 1.1856 17.84
-179.6 -246.6 1.1864 17.96
-180.8 -246.8 1.1872 18.08
-182 -247 1.188 18.2
-183.2 -247.2 1.1888 18.32
-184.4 -247.4 1.1896 18.44
-185.6 -247.6 1.1904 18.56
-186.8 -247.8 1.1912 18.68
-188 -248 1.192 18.8
-189.2 -248.2 1.1928 18.92
-190.4 -248.4 1.1936 19.04
-191.6 -248.6 1.1944 19.16
-192.8 -248.8 1.1952 19.28
-194 -249 1.196 19.4
-195.2 -249.2 1.1968 19.52
-196.4 -249.4 1.1976 19.64
-197.6 -249.6 1.1984 19.76
-198.8 -249.8 1.1992 19.88
-200 -250 1.2 20
-200.8 -248.8 1.199 19.96
-201.6 -247.6 1.198 19.92
-202.4 -246.4 1.197 19.88
-203.2 -245.2 1.196 19.84
-204 -244 1.195 19.8
-204.8 -242.8 1.194 19.76
-205.6 -241.6 1.193 19.72
-206.4 -240.4 1.192 19.68
-207.2 -239.2 1.191 19.64
-208 -238 1.19 19.6
-208.8 -236.8 1.189 19.56
-209.6 -235.6 1.188 19.52
-210.4 -234.4 1.187 19.48
-211.2 -233.2 1.186 19.44
-212 -232 1.185 19.4
-212.8 -230.8 1.184 19.36
-213.6 -229.6 1.183 19.32
-214.4 -228.4 1.182 19.28
-215.2 -227.2 1.181 19.24
-216 -226 1.18 19.2
-216.8 -224.8 1.179 19.16
-217.6 -223.6 1.178 19.12
-218.4 -222.4 1.177 19.08
-219.2 -221.2 1.176 19.04
-220 -220 1.175 19
-220.8 -218.8 1.174 18.96
-221.6 -217.6 1.173 18.92
-222.4 -216.4 1.172 18.88
-223.2 -215.2 1.171 18.84
-224 -214 1.17 18.8
-224.8 -212.8 1.169 18.76
-225.6 -211.6 1.168 18.72
-226.4 -210.4 1.167 18.68
-227.2 -209.2 1.166 18.64
-228 -208 1.165 18.6
-228.8 -206.8 1.164 18.56
-229.6 -205.6 1.163 18.52
-230.4 -204.4 1.162 18.48
-231.2 -203.2 1.161 18.44
-232 -202 1.16 18.4
-232.8 -200.8 1.159 18.36
-233.6 -199.6 1.158 18.32
-234.4 -198.4 1.157 18.28
-235.2 -197.2 1.156 18.24
-236 -196 1.155 18.2
-236.8 -194.8 1.154 18.16
-237.6 -193.6 1.153 18.12
-238.4 -192.4 1.152 18.08
-239.2 -191.2 1.151 18.04
-240 -190 1.15 18
-240.8 -188.8 1.149 17.96
-241.6 -187.6 1.148 17.92
-242.4 -186.4 1.147 17.88
-243.2 -185.2 1.146 17.84
-244 -184 1.145 17.8
-244.8 -182.8 1.144 17.76
-245.6 -181.6 1.143 17.72
-246.4 -180.4 1.142 17.68
-247.2 -179.2 1.141 17.64
-248 -178 1.14 17.6
-248.8 -176.8 1.139 17.56
-249.6 -175.6 1.138 17.52
-250.4 -174.4 1.137 17.48
-251.2 -173.2 1.136 17.44
-252 -172 1.135 17.4
-252.8 -170.8 1.134 17.36
-253.6 -169.6 1.133 17.32
-254.4 -168.4 1.132 17.28
-255.2 -167.2 1.131 17.24
-256 -166 1.13 17.2
-256.8 -164.8 1.129 17.16
-257.6 -163.6 1.128 17.12
-258.4 -162.4 1.127 17.08
-259.2 -161.2 1.126 17.04
-260 -160 1.125 17
-260.8 -158.8 1.124 16.96
-261.6 -157.6 1.123 16.92
-262.4 -156.4 1.122 16.88
-263.2 -155.2 1.121 16.84
-264 -154 1.12 16.8
-264.8 -152.8 1.119 16.76
-265.6 -151.6 1.118 16.72
-266.4 -150.4 1.117 16.68
-267.2 -149.2 1.116 16.64
-268 -148 1.115 16.6
-268.8 -146.8 1.114 16.56
-269.6 -145.6 1.113 16.52
-270.4 -144.4 1.112 16.48
-271.2 -143.2 1.111 16.44
-272 -142 1.11 16.4
-272.8 -140.8 1.109 16.36
-273.6 -139.6 1.108 16.32
-274.4 -138.4 1.107 16.28
-275.2 -137.2 1.106 16.24
-276 -136 1.105 16.2
-276.8 -134.8 1.104 16.16
-277.6 -133.6 1.103 16.12
-278.4 -132.4 1.102 16.08
-279.2 -131.2 1.101 16.04
-280 -130 1.1 16
-280.8 -128.8 1.099 15.96
-281.6 -127.6 1.098 15.92
-282.4 -126.4 1.097 15.88
-283.2 -125.2 1.096 15.84
-284 -124 1.095 15.8
-284.8 -122.8 1.094 15.76
-285.6 -121.6 1.093 15.72
-286.4 -120.4 1.092 15.68
-287.2 -119.2 1.091 15.64
-288 -118 1.09 15.6
-288.8 -116.8 1.089 15.56
-289.6 -115.6 1.088 15.52
-290.4 -114.4 1.087 15.48
-291.2 -113.2 1.086 15.44
-292 -112 1.085 15.4
-292.8 -110.8 1.084 15.36
-293.6 -109.6 1.083 15.32
-294.4 -108.4 1.082 15.28
-295.2 -107.2 1.081 15.24
-296 -106 1.08 15.2
-296.8 -104.8 1.079 15.16
-297.6 -103.6 1.078 15.12
-298.4 -102.4 1.077 15.08
-299.2 -101.2 1.076 15.04
-300 -100 1.075 15
-300.8 -98.8 1.074 14.96
-301.6 -97.6 1.073 14.92
-302.4 -96.4 1.072 14.88
-303.2 -95.2 1.071 14.84
-304 -94 1.07 14.8
-304.8 -92.8 1.069 14.76
-305.6 -91.6 1.068 14.72
-306.4 -90.4 1.067 14.68
-307.2 -89.2 1.066 14.64
-308 -88 1.065 14.6
-308.8 -86.8 1.064 14.56
-309.6 -85.6 1.063 14.52
-310.4 -84.4 1.062 14.48
-311.2 -83.2 1.061 14.44
-312 -82 1.06 14.4
-312.8 -80.8 1.059 14.36
-313.6 -79.6 1.058 14.32
-314.4 -78.4 1.057 14.28
-315.2 -77.2 1.056 14.24
-316 -76 1.055 14.2
-316.8 -74.8 1.054 14.16
-317.6 -73.6 1.053 14.12
-318.4 -72.4 1.052 14.08
-319.2 -71.2 1.051 14.04
-320 -70 1.05 14
-320.8 -68.8 1.049 13.96
-321.6 -67.6 1.048 13.92
-322.4 -66.4 1.047 13.88
-323.2 -65.2 1.046 13.84
-324 -64 1.045 13.8
-324.8 -62.8 1.044 13.76
-325.6 -61.6 1.043 13.72
-326.4 -60.4 1.042 13.68
-327.2 -59.2 1.041 13.64
-328 -58 1.04 13.6
-328.8 -56.8 1.039 13.56
-329.6 -55.6 1.038 13.52
-330.4 -54.4 1.037 13.48
-331.2 -53.2 1.036 13.44
-332 -52 1.035 13.4
-332.8 -50.8 1.034 13.36
-333.6 -49.6 1.033 13.32
-334.4 -48.4 1.032 13.28
-335.2 -47.2 1.031 13.24
-336 -46 1.03 13.2
-336.8 -44.8 1.029 13.16
-337.6 -43.6 1.028 13.12
-338.4 -42.4 1.027 13.08
-339.2 -41.2 1.026 13.04
-340 -40 1.025 13
-340.8 -38.8 1.024 12.96
-341.6 -37.6 1.023 12.92
-342.4 -36.4 1.022 12.88
-343.2 -35.2 1.021 12.84
-344 -34 1.02 12.8
-344.8 -32.8 1.019 12.76
-345.6 -31.6 1.018 12.72
-346.4 -30.4 1.017 12.68
-347.2 -29.2 1.016 12.64
-348 -28 1.015 12.6
-348.8 -26.8 1.014 12.56
-349.6 -25.6 1.013 12.52
-350.4 -24.4 1.012 12.48
-351.2 -23.2 1.011 12.44
-352 -22 1.01 12.4
-352.8 -20.8 1.009 12.36
-353.6 -19.6 1.008 12.32
-354.4 -18.4 1.007 12.28
-355.2 -17.2 1.006 12.24
-356 -16 1.005 12.2
-356.8 -14.8 1.004 12.16
-357.6 -13.6 1.003 12.12
-358.4 -12.4 1.002 12.08
-359.2 -11.2 1.001 12.04
-360 -10 1 12
-360.8 -8.8 0.999 11.96
-361.6 -7.6 0.998 11.92
-362.4 -6.4 0.997 11.88
-363.2 -5.2 0.996 11.84
-364 -4 0.995 11.8
-364.8 -2.8 0.994 11.76
-365.6 -1.6 0.993 11.72
-366.4 -0.4 0.992 11.68
-367.2 0.8 0.991 11.64
-368 2 0.99 11.6
-368.8 3.2 0.989 11.56
-369.6 4.4 0.988 11.52
-370.4 5.6 0.987 11.48
-371.2 6.8 0.986 11.44
-372 8 0.985 11.4
-372.8 9.2 0.984 11.36
-373.6 10.4 0.983 11.32
-374.4 11.6 0.982 11.28
-375.2 12.8 0.981 11.24
-376 14 0.98 11.2
-376.8 15.2 0.979 11.16
-377.6 16.4 0.978 11.12
-378.4 17.6 0.977 11.08
-379.2 18.8 0.976 11.04
-380 20 0.975 11
-380.8 21.2 0.974 10.96
-381.6 22.4 0.973 10.92
-382.4 23.6 0.972 10.88
-383.2 24.8 0.971 10.84
-384 26 0.97 10.8
-384.8 27.2 0.969 10.76
-385.6 28.4 0.968 10.72
-386.4 29.6 0.967 10.68
-387.2 30.8 0.966 10.64
-388 32 0.965 10.6
-388.8 33.2 0.964 10.56
-389.6 34.4 0.963 10.52
-390.4 35.6 0.962 10.48
-391.2 36.8 0.961 10.44
-392 38 0.96 10.4
-392.8 39.2 0.959 10.36
-393.6 40.4 0.958 10.32
-394.4 41.6 0.957 10.28
-395.2 42.8 0.956 10.24
-396 44 0.955 10.2
-396.8 45.2 0.954 10.16
-397.6 46.4 0.953 10.12
-398.4 47.6 0.952 10.08
-399.2 48.8 0.951 10.04
-400 50 0.95 10
-400.6 50.6 0.9498 9.98
-401.2 51.2 0.9496 9.96
-401.8 51.8 0.9494 9.94
-402.4 52.4 0.9492 9.92
-403 53 0.949 9.9
-403.6 53.6 0.9488 9.88
-404.2 54.2 0.9486 9.86
-404.8 54.8 0.9484 9.84
-405.4 55.4 0.9482 9.82
-406 56 0.948 9.8
-406.6 56.6 0.9478 9.78
-407.2 57.2 0.9476 9.76
-407.8 57.8 0.9474 9.74
-408.4 58.4 0.9472 9.72
-409 59 0.947 9.7
-409.6 59.6 0.9468 9.68
-410.2 60.2 0.9466 9.66
-410.8 60.8 0.9464 9.64
-411.4 61.4 0.9462 9.62
-412 62 0.946 9.6
-412.6 62.6 0.9458 9.58
-413.2 63.2 0.9456 9.56
-413.8 63.8 0.9454 9.54
-414.4 64.4 0.9452 9.52
-415 65 0.945 9.5
-415.6 65.6 0.9448 9.48
-416.2 66.2 0.9446 9.46
-416.8 66.8 0.9444 9.44
-417.4 67.4 0.9442 9.42
-418 68 0.944 9.4
-418.6 68.6 0.9438 9.38
-419.2 69.2 0.9436 9.36
-419.8 69.8 0.9434 9.34
-420.4 70.4 0.9432 9.32
-421 71 0.943 9.3
-421.6 71.6 0.9428 9.28
-422.2 72.2 0.9426 9.26
-422.8 72.8 0.9424 9.24
-423.4 73.4 0.9422 9.22
-424 74 0.942 9.2
-424.6 74.6 0.9418 9.18
-425.2 75.2 0.9416 9.16
-425.8 75.8 0.9414 9.14
-426.4 76.4 0.9412 9.12
-427 77 0.941 9.1
-427.6 77.6 0.9408 9.08
-428.2 78.2 0.9406 9.06
-428.8 78.8 0.9404 9.04
-429.4 79.4 0.9402 9.02
-430 80 0.94 9
-430.6 80.6 0.9398 8.98
-431.2 81.2 0.9396 8.96
-431.8 81.8 0.9394 8.94
-432.4 82.4 0.9392 8.92
-433 83 0.939 8.9
-433.6 83.6 0.9388 8.88
-434.2 84.2 0.9386 8.86
-434.8 84.8 0.9384 8.84
-435.4 85.4 0.9382 8.82
-436 86 0.938 8.8
-436.6 86.6 0.9378 8.78
-437.2 87.2 0.9376 8.76
-437.8 87.8 0.9374 8.74
-438.4 88.4 0.9372 8.72
-439 89 0.937 8.7
-439.6 89.6 0.9368 8.68
-440.2 90.2 0.9366 8.66
-440.8 90.8 0.9364 8.64
-441.4 91.4 0.9362 8.62
-442 92 0.936 8.6
-442.6 92.6 0.9358 8.58
-443.2 93.2 0.9356 8.56
-443.8 93.8 0.9354 8.54
-444.4 94.4 0.9352 8.52
-445 95 0.935 8.5
-445.6 95.6 0.9348 8.48
-446.2 96.2 0.9346 8.46
-446.8 96.8 0.9344 8.44
-447.4 97.4 0.9342 8.42
-448 98 0.934 8.4
-448.6 98.6 0.9338 8.38
-449.2 99.2 0.9336 8.36
-449.8 99.8 0.9334 8.34
-450.4 100.4 0.9332 8.32
-451 101 0.933 8.3
-451.6 101.6 0.9328 8.28
-452.2 102.2 0.9326 8.26
-452.8 102.8 0.9324 8.24
-453.4 103.4 0.9322 8.22
-454 104 0.932 8.2
-454.6 104.6 0.9318 8.18
-455.2 105.2 0.9316 8.16
-455.8 105.8 0.9314 8.14
-456.4 106.4 0.9312 8.12
-457 107 0.931 8.1
-457.6 107.6 0.9308 8.08
-458.2 108.2 0.9306 8.06
-458.8 108.8 0.9304 8.04
-459.4 109.4 0.9302 8.02
-460 110 0.93 8
-460.6 110.6 0.9298 7.98
-461.2 111.2 0.9296 7.96
-461.8 111.8 0.9294 7.94
-462.4 112.4 0.9292 7.92
-463 113 0.929 7.9
-463.6 113.6 0.9288 7.88
-464.2 114.2 0.9286 7.86
-464.8 114.8 0.9284 7.84
-465.4 115.4 0.9282 7.82
-466 116 0.928 7.8
-466.6 116.6 0.9278 7.78
-467.2 117.2 0.9276 7.76
-467.8 117.8 0.9274 7.74
-468.4 118.4 0.9272 7.72
-469 119 0.927 7.7
-469.6 119.6 0.9268 7.68
-470.2 120.2 0.9266 7.66
-470.8 120.8 0.9264 7.64
-471.4 121.4 0.9262 7.62
-472 122 0.926 7.6
-472.6 122.6 0.9258 7.58
-473.2 123.2 0.9256 7.56
-473.8 123.8 0.9254 7.54
-474.4 124.4 0.9252 7.52
-475 125 0.925 7.5
-475.6 125.6 0.9248 7.48
-476.2 126.2 0.9246 7.46
-476.8 126.8 0.9244 7.44
-477.4 127.4 0.9242 7.42
-478 128 0.924 7.4
-478.6 128.6 0.9238 7.38
-479.2 129.2 0.9236 7.36
-479.8 129.8 0.9234 7.34
-480.4 130.4 0.9232 7.32
-481 131 0.923 7.3
-481.6 131.6 0.9228 7.28
-482.2 132.2 0.9226 7.26
-482.8 132.8 0.9224 7.24
-483.4 133.4 0.9222 7.22
-484 134 0.922 7.2
-484.6 134.6 0.9218 7.18
-485.2 135.2 0.9216 7.16
-485.8 135.8 0.9214 7.14
-486.4 136.4 0.9212 7.12
-487 137 0.921 7.1
-487.6 137.6 0.9208 7.08
-488.2 138.2 0.9206 7.06
-488.8 138.8 0.9204 7.04
-489.4 139.4 0.9202 7.02
-490 140 0.92 7
-490.6 140.6 0.9198 6.98
-491.2 141.2 0.9196 6.96
-491.8 141.8 0.9194 6.94
-492.4 142.4 0.9192 6.92
-493 143 0.919 6.9
-493.6 143.6 0.9188 6.88
-494.2 144.2 0.9186 6.86
-494.8 144.8 0.9184 6.84
-495.4 145.4 0.9182 6.82
-496 146 0.918 6.8
-496.6 146.6 0.9178 6.78
-497.2 147.2 0.9176 6.76
-497.8 147.8 0.9174 6.74
-498.4 148.4 0.9172 6.72
-499 149 0.917 6.7
-499.6 149.6 0.9168 6.68
-500.2 150.2 0.9166 6.66
-500.8 150.8 0.9164 6.64
-501.4 151.4 0.9162 6.62
-502 152 0.916 6.6
-502.6 152.6 0.9158 6.58
-503.2 153.2 0.9156 6.56
-503.8 153.8 0.9154 6.54
-504.4 154.4 0.9152 6.52
-505 155 0.915 6.5
-505.6 155.6 0.9148 6.48
-506.2 156.2 0.9146 6.46
-506.8 156.8 0.9144 6.44
-507.4 157.4 0.9142 6.42
-508 158 0.914 6.4
-508.6 158.6 0.9138 6.38
-509.2 159.2 0.9136 6.36
-509.8 159.8 0.9134 6.34
-510.4 160.4 0.9132 6.32
-511 161 0.913 6.3
-511.6 161.6 0.9128 6.28
-512.2 162.2 0.9126 6.26
-512.8 162.8 0.9124 6.24
-513.4 163.4 0.9122 6.22
-514 164 0.912 6.2
-514.6 164.6 0.9118 6.18
-515.2 165.2 0.9116 6.16
-515.8 165.8 0.9114 6.14
-516.4 166.4 0.9112 6.12
-517 167 0.911 6.1
-517.6 167.6 0.9108 6.08
-518.2 168.2 0.9106 6.06
-518.8 168.8 0.9104 6.04
-519.4 169.4 0.9102 6.02
-520 170 0.91 6
-520.6 170.6 0.9098 5.98
-521.2 171.2 0.9096 5.96
-521.8 171.8 0.9094 5.94
-522.4 172.4 0.9092 5.92
-523 173 0.909 5.9
-523.6 173.6 0.9088 5.88
-524.2 174.2 0.9086 5.86
-524.8 174.8 0.9084 5.84
-525.4 175.4 0.9082 5.82
-526 176 0.908 5.8
-526.6 176.6 0.9078 5.78
-527.2 177.2 0.9076 5.76
-527.8 177.8 0.9074 5.74
-528.4 178.4 0.9072 5.72
-529 179 0.907 5.7
-529.6 179.6 0.9068 5.68
-530.2 180.2 0.9066 5.66
-530.8 180.8 0.9064 5.64
-531.4 181.4 0.9062 5.62
-532 182 0.906 5.6
-532.6 182.6 0.9058 5.58
-533.2 183.2 0.9056 5.56
-533.8 183.8 0.9054 5.54
-534.4 184.4 0.9052 5.52
-535 185 0.905 5.5
-535.6 185.6 0.9048 5.48
-536.2 186.2 0.9046 5.46
-536.8 186.8 0.9044 5.44
-537.4 187.4 0.9042 5.42
-538 188 0.904 5.4
-538.6 188.6 0.9038 5.38
-539.2 189.2 0.9036 5.36
-539.8 189.8 0.9034 5.34
-540.4 190.4 0.9032 5.32
-541 191 0.903 5.3
-541.6 191.6 0.9028 5.28
-542.2 192.2 0.9026 5.26
-542.8 192.8 0.9024 5.24
-543.4 193.4 0.9022 5.22
-544 194 0.902 5.2
-544.6 194.6 0.9018 5.18
-545.2 195.2 0.9016 5.16
-545.8 195.8 0.9014 5.14
-546.4 196.4 0.9012 5.12
-547 197 0.901 5.1
-547.6 197.6 0.9008 5.08
-548.2 198.2 0.9006 5.06
-548.8 198.8 0.9004 5.04
-549.4 199.4 0.9002 5.02
-550 200 0.9 5
-549 199.8 0.9008 4.988
-548 199.6 0.9016 4.976
-547 199.4 0.9024 4.964
-546 199.2 0.9032 4.952
-545 199 0.904 4.94
-544 198.8 0.9048 4.928
-543 198.6 0.9056 4.916
-542 198.4 0.9064 4.904
-541 198.2 0.9072 4.892
-540 198 0.908 4.88
-539 197.8 0.9088 4.868
-538 197.6 0.9096 4.856
-537 197.4 0.9104 4.844
-536 197.2 0.9112 4.832
-535 197 0.912 4.82
-534 196.8 0.9128 4.808
-533 196.6 0.9136 4.796
-532 196.4 0.9144 4.784
-531 196.2 0.9152 4.772
-530 196 0.916 4.76
-529 195.8 0.9168 4.748
-528 195.6 0.9176 4.736
-527 195.4 0.9184 4.724
-526 195.2 0.9192 4.712
-525 195 0.92 4.7
-524 194.8 0.9208 4.688
-523 194.6 0.9216 4.676
-522 194.4 0.9224 4.664
-521 194.2 0.9232 4.652
-520 194 0.924 4.64
-519 193.8 0.9248 4.628
-518 193.6 0.9256 4.616
-517 193.4 0.9264 4.604
-516 193.2 0.9272 4.592
-515 193 0.928 4.58
-514 192.8 0.9288 4.568
-513 192.6 0.9296 4.556
-512 192.4 0.9304 4.544
-511 192.2 0.9312 4.532
-510 192 0.932 4.52
-509 191.8 0.9328 4.508
-508 191.6 0.9336 4.496
-507 191.4 0.9344 4.484
-506 191.2 0.9352 4.472
-505 191 0.936 4.46
-504 190.8 0.9368 4.448
-503 190.6 0.9376 4.436
-502 190.4 0.9384 4.424
-501 190.2 0.9392 4.412
-500 190 0.94 4.4
-499 189.8 0.9408 4.388
-498 189.6 0.9416 4.376
-497 189.4 0.9424 4.364
-496 189.2 0.9432 4.352
-495 189 0.944 4.34
-494 188.8 0.9448 4.328
-493 188.6 0.9456 4.316
-492 188.4 0.9464 4.304
-491 188.2 0.9472 4.292
-490 188 0.948 4.28
-489 187.8 0.9488 4.268
-488 187.6 0.9496 4.256
-487 187.4 0.9504 4.244
-486 187.2 0.9512 4.232
-485 187 0.952 4.22
-484 186.8 0.9528 4.208
-483 186.6 0.9536 4.196
-482 186.4 0.9544 4.184
-481 186.2 0.9552 4.172
-480 186 0.956 4.16
-479 185.8 0.9568 4.148
-478 185.6 0.9576 4.136
-477 185.4 0.9584 4.124
-476 185.2 0.9592 4.112
-475 185 0.96 4.1
-474 184.8 0.9608 4.088
-473 184.6 0.9616 4.076
-472 184.4 0.9624 4.064
-471 184.2 0.9632 4.052
-470 184 0.964 4.04
-469 183.8 0.9648 4.028
-468 183.6 0.9656 4.016
-467 183.4 0.9664 4.004
-466 183.2 0.9672 3.992
-465 183 0.968 3.98
-464 182.8 0.9688 3.968
-463 182.6 0.9696 3.956
-462 182.4 0.9704 3.944
-461 182.2 0.9712 3.932
-460 182 0.972 3.92
-459 181.8 0.9728 3.908
-458 181.6 0.9736 3.896
-457 181.4 0.9744 3.884
-456 181.2 0.9752 3.872
-455 181 0.976 3.86
-454 180.8 0.9768 3.848
-453 180.6 0.9776 3.836
-452 180.4 0.9784 3.824
-451 180.2 0.9792 3.812
-450 180 0.98 3.8
-449 179.8 0.9808 3.788
-448 179.6 0.9816 3.776
-447 179.4 0.9824 3.764
-446 179.2 0.9832 3.752
-445 179 0.984 3.74
-444 178.8 0.9848 3.728
-443 178.6 0.9856 3.716
-442 178.4 0.9864 3.704
-441 178.2 0.9872 3.692
-440 178 0.988 3.68
-439 177.8 0.9888 3.668
-438 177.6 0.9896 3.656
-437 177.4 0.9904 3.644
-436 177.2 0.9912 3.632
-435 177 0.992 3.62
-434 176.8 0.9928 3.608
-433 176.6 0.9936 3.596
-432 176.4 0.9944 3.584
-431 176.2 0.9952 3.572
-430 176 0.996 3.56
-429 175.8 0.9968 3.548
-428 175.6 0.9976 3.536
-427 175.4 0.9984 3.524
-426 175.2 0.9992 3.512
-425 175 1 3.5
-424 174.8 1.0008 3.488
-423 174.6 1.0016 3.476
-422 174.4 1.0024 3.464
-421 174.2 1.0032 3.452
-420 174 1.004 3.44
-419 173.8 1.0048 3.428
-418 173.6 1.0056 3.416
-417 173.4 1.0064 3.404
-416 173.2 1.0072 3.392
-415 173 1.008 3.38
-414 172.8 1.0088 3.368
-413 172.6 1.0096 3.356
-412 172.4 1.0104 3.344
-411 172.2 1.0112 3.332
-410 172 1.012 3.32
-409 171.8 1.0128 3.308
-408 171.6 1.0136 3.296
-407 171.4 1.0144 3.284
-406 171.2 1.0152 3.272
-405 171 1.016 3.26
-404 170.8 1.0168 3.248
-403 170.6 1.0176 3.236
-402 170.4 1.0184 3.224
-401 170.2 1.0192 3.212
-400 170 1.02 3.2
-399 169.8 1.0208 3.188
-398 169.6 1.0216 3.176
-397 169.4 1.0224 3.164
-396 169.2 1.0232 3.152
-395 169 1.024 3.14
-394 168.8 1.0248 3.128
-393 168.6 1.0256 3.116
-392 168.4 1.0264 3.104
-391 168.2 1.0272 3.092
-390 168 1.028 3.08
-389 167.8 1.0288 3.068
-388 167.6 1.0296 3.056
-387 167.4 1.0304 3.044
-386 167.2 1.0312 3.032
-385 167 1.032 3.02
-384 166.8 1.0328 3.008
-383 166.6 1.0336 2.996
-382 166.4 1.0344 2.984
-381 166.2 1.0352 2.972
-380 166 1.036 2.96
-379 165.8 1.0368 2.948
-378 165.6 1.0376 2.936
-377 165.4 1.0384 2.924
-376 165.2 1.0392 2.912
-375 165 1.04 2.9
-374 164.8 1.0408 2.888
-373 164.6 1.0416 2.876
-372 164.4 1.0424 2.864
-371 164.2 1.0432 2.852
-370 164 1.044 2.84
-369 163.8 1.0448 2.828
-368 163.6 1.0456 2.816
-367 163.4 1.0464 2.804
-366 163.2 1.0472 2.792
-365 163 1.048 2.78
-364 162.8 1.0488 2.768
-363 162.6 1.0496 2.756
-362 162.4 1.0504 2.744
-361 162.2 1.0512 2.732
-360 162 1.052 2.72
-359 161.8 1.0528 2.708
-358 161.6 1.0536 2.696
-357 161.4 1.0544 2.684
-356 161.2 1.0552 2.672
-355 161 1.056 2.66
-354 160.8 1.0568 2.648
-353 160.6 1.0576 2.636
-352 160.4 1.0584 2.624
-351 160.2 1.0592 2.612
-350 160 1.06 2.6
-349 159.8 1.0608 2.588
-348 159.6 1.0616 2.576
-347 159.4 1.0624 2.564
-346 159.2 1.0632 2.552
-345 159 1.064 2.54
-344 158.8 1.0648 2.528
-343 158.6 1.0656 2.516
-342 158.4 1.0664 2.504
-341 158.2 1.0672 2.492
-340 158 1.068 2.48
-339 157.8 1.0688 2.468
-338 157.6 1.0696 2.456
-337 157.4 1.0704 2.444
-336 157.2 1.0712 2.432
-335 157 1.072 2.42
-334 156.8 1.0728 2.408
-333 156.6 1.0736 2.396
-332 156.4 1.0744 2.384
-331 156.2 1.0752 2.372
-330 156 1.076 2.36
-329 155.8 1.0768 2.348
-328 155.6 1.0776 2.336
-327 155.4 1.0784 2.324
-326 155.2 1.0792 2.312
-325 155 1.08 2.3
-324 154.8 1.0808 2.288
-323 154.6 1.0816 2.276
-322 154.4 1.0824 2.264
-321 154.2 1.0832 2.252
-320 154 1.084 2.24
-319 153.8 1.0848 2.228
-318 153.6 1.0856 2.216
-317 153.4 1.0864 2.204
-316 153.2 1.0872 2.192
-315 153 1.088 2.18
-314 152.8 1.0888 2.168
-313 152.6 1.0896 2.156
-312 152.4 1.0904 2.144
-311 152.2 1.0912 2.132
-310 152 1.092 2.12
-309 151.8 1.0928 2.108
-308 151.6 1.0936 2.096
-307 151.4 1.0944 2.084
-306 151.2 1.0952 2.072
-305 151 1.096 2.06
-304 150.8 1.0968 2.048
-303 150.6 1.0976 2.036
-302 150.4 1.0984 2.024
-301 150.2 1.0992 2.012
-300 150 1.1 2
-298.8 149.4 1.0996 1.992
-297.6 148.8 1.0992 1.984
-296.4 148.2 1.0988 1.976
-295.2 147.6 1.0984 1.968
-294 147 1.098 1.96
-292.8 146.4 1.0976 1.952
-291.6 145.8 1.0972 1.944
-290.4 145.2 1.0968 1.936
-289.2 144.6 1.0964 1.928
-288 144 1.096 1.92
-286.8 143.4 1.0956 1.912
-285.6 142.8 1.0952 1.904
-284.4 142.2 1.0948 1.896
-283.2 141.6 1.0944 1.888
-282 141 1.094 1.88
-280.8 140.4 1.0936 1.872
-279.6 139.8 1.0932 1.864
-278.4 139.2 1.0928 1.856
-277.2 138.6 1.0924 1.848
-276 138 1.092 1.84
-274.8 137.4 1.0916 1.832
-273.6 136.8 1.0912 1.824
-272.4 136.2 1.0908 1.816
-271.2 135.6 1.0904 1.808
-270 135 1.09 1.8
-268.8 134.4 1.0896 1.792
-267.6 133.8 1.0892 1.784
-266.4 133.2 1.0888 1.776
-265.2 132.6 1.0884 1.768
-264 132 1.088 1.76
-262.8 131.4 1.0876 1.752
-261.6 130.8 1.0872 1.744
-260.4 130.2 1.0868 1.736
-259.2 129.6 1.0864 1.728
-258 129 1.086 1.72
-256.8 128.4 1.0856 1.712
-255.6 127.8 1.0852 1.704
-254.4 127.2 1.0848 1.696
-253.2 126.6 1.0844 1.688
-252 126 1.084 1.68
-250.8 125.4 1.0836 1.672
-249.6 124.8 1.0832 1.664
-248.4 124.2 1.0828 1.656
-247.2 123.6 1.0824 1.648
-246 123 1.082 1.64
-244.8 122.4 1.0816 1.632
-243.6 121.8 1.0812 1.624
-242.4 121.2 1.0808 1.616
-241.2 120.6 1.0804 1.608
-240 120 1.08 1.6
-238.8 119.4 1.0796 1.592
-237.6 118.8 1.0792 1.584
-236.4 118.2 1.0788 1.576
-235.2 117.6 1.0784 1.568
-234 117 1.078 1.56
-232.8 116.4 1.0776 1.552
-231.6 115.8 1.0772 1.544
-230.4 115.2 1.0768 1.536
-229.2 114.6 1.0764 1.528
-228 114 1.076 1.52
-226.8 113.4 1.0756 1.512
-225.6 112.8 1.0752 1.504
-224.4 112.2 1.0748 1.496
-223.2 111.6 1.0744 1.488
-222 111 1.074 1.48
-220.8 110.4 1.0736 1.472
-219.6 109.8 1.0732 1.464
-218.4 109.2 1.0728 1.456
-217.2 108.6 1.0724 1.448
-216 108 1.072 1.44
-214.8 107.4 1.0716 1.432
-213.6 106.8 1.0712 1.424
-212.4 106.2 1.0708 1.416
-211.2 105.6 1.0704 1.408
-210 105 1.07 1.4
-208.8 104.4 1.0696 1.392
-207.6 103.8 1.0692 1.384
-206.4 103.2 1.0688 1.376
-205.2 102.6 1.0684 1.368
-204 102 1.068 1.36
-202.8 101.4 1.0676 1.352
-201.6 100.8 1.0672 1.344
-200.4 100.2 1.0668 1.336
-199.2 99.6 1.0664 1.328
-198 99 1.066 1.32
-196.8 98.4 1.0656 1.312
-195.6 97.8 1.0652 1.304
-194.4 97.2 1.0648 1.296
-193.2 96.6 1.0644 1.288
-192 96 1.064 1.28
-190.8 95.4 1.0636 1.272
-189.6 94.8 1.0632 1.264
-188.4 94.2 1.0628 1.256
-187.2 93.6 1.0624 1.248
-186 93 1.062 1.24
-184.8 92.4 1.0616 1.232
-183.6 91.8 1.0612 1.224
-182.4 91.2 1.0608 1.216
-181.2 90.6 1.0604 1.208
-180 90 1.06 1.2
-178.8 89.4 1.0596 1.192
-177.6 88.8 1.0592 1.184
-176.4 88.2 1.0588 1.176
-175.2 87.6 1.0584 1.168
-174 87 1.058 1.16
-172.8 86.4 1.0576 1.152
-171.6 85.8 1.0572 1.144
-170.4 85.2 1.0568 1.136
-169.2 84.6 1.0564 1.128
-168 84 1.056 1.12
-166.8 83.4 1.0556 1.112
-165.6 82.8 1.0552 1.104
-164.4 82.2 1.0548 1.096
-163.2 81.6 1.0544 1.088
-162 81 1.054 1.08
-160.8 80.4 1.0536 1.072
-159.6 79.8 1.0532 1.064
-158.4 79.2 1.0528 1.056
-157.2 78.6 1.0524 1.048
-156 78 1.052 1.04
-154.8 77.4 1.0516 1.032
-153.6 76.8 1.0512 1.024
-152.4 76.2 1.0508 1.016
-151.2 75.6 1.0504 1.008
-150 75 1.05 1
-148.8 74.4 1.0496 0.992
-147.6 73.8 1.0492 0.984
-146.4 73.2 1.0488 0.976
-145.2 72.6 1.0484 0.968
-144 72 1.048 0.96
-142.8 71.4 1.0476 0.952
-141.6 70.8 1.0472 0.944
-140.4 70.2 1.0468 0.936
-139.2 69.6 1.0464 0.928
-138 69 1.046 0.92
-136.8 68.4 1.0456 0.912
-135.6 67.8 1.0452 0.904
-134.4 67.2 1.0448 0.896
-133.2 66.6 1.0444 0.888
-132 66 1.044 0.88
-130.8 65.4 1.0436 0.872
-129.6 64.8 1.0432 0.864
-128.4 64.2 1.0428 0.856
-127.2 63.6 1.0424 0.848
-126 63 1.042 0.84
-124.8 62.4 1.0416 0.832
-123.6 61.8 1.0412 0.824
-122.4 61.2 1.0408 0.816
-121.2 60.6 1.0404 0.808
-120 60 1.04 0.8
-118.8 59.4 1.0396 0.792
-117.6 58.8 1.0392 0.784
-116.4 58.2 1.0388 0.776
-115.2 57.6 1.0384 0.768
-114 57 1.038 0.76
-112.8 56.4 1.0376 0.752
-111.6 55.8 1.0372 0.744
-110.4 55.2 1.0368 0.736
-109.2 54.6 1.0364 0.728
-108 54 1.036 0.72
-106.8 53.4 1.0356 0.712
-105.6 52.8 1.0352 0.704
-104.4 52.2 1.0348 0.696
-103.2 51.6 1.0344 0.688
-102 51 1.034 0.68
-100.8 50.4 1.0336 0.672
-99.6 49.8 1.0332 0.664
-98.4 49.2 1.0328 0.656
-97.2 48.6 1.0324 0.648
-96 48 1.032 0.64
-94.8 47.4 1.0316 0.632
-93.6 46.8 1.0312 0.624
-92.4 46.2 1.0308 0.616
-91.2 45.6 1.0304 0.608
-90 45 1.03 0.6
-88.8 44.4 1.0296 0.592
-87.6 43.8 1.0292 0.584
-86.4 43.2 1.0288 0.576
-85.2 42.6 1.0284 0.568
-84 42 1.028 0.56
-82.8 41.4 1.0276 0.552
-81.6 40.8 1.0272 0.544
-80.4 40.2 1.0268 0.536
-79.2 39.6 1.0264 0.528
-78 39 1.026 0.52
-76.8 38.4 1.0256 0.512
-75.6 37.8 1.0252 0.504
-74.4 37.2 1.0248 0.496
-73.2 36.6 1.0244 0.488
-72 36 1.024 0.48
-70.8 35.4 1.0236 0.472
-69.6 34.8 1.0232 0.464
-68.4 34.2 1.0228 0.456
-67.2 33.6 1.0224 0.448
-66 33 1.022 0.44
-64.8 32.4 1.0216 0.432
-63.6 31.8 1.0212 0.424
-62.4 31.2 1.0208 0.416
-61.2 30.6 1.0204 0.408
-60 30 1.02 0.4
-58.8 29.4 1.0196 0.392
-57.6 28.8 1.0192 0.384
-56.4 28.2 1.0188 0.376
-55.2 27.6 1.0184 0.368
-54 27 1.018 0.36
-52.8 26.4 1.0176 0.352
-51.6 25.8 1.0172 0.344
-50.4 25.2 1.0168 0.336
-49.2 24.6 1.0164 0.328
-48 24 1.016 0.32
-46.8 23.4 1.0156 0.312
-45.6 22.8 1.0152 0.304
-44.4 22.2 1.0148 0.296
-43.2 21.6 1.0144 0.288
-42 21 1.014 0.28
-40.8 20.4 1.0136 0.272
-39.6 19.8 1.0132 0.264
-38.4 19.2 1.0128 0.256
-37.2 18.6 1.0124 0.248
-36 18 1.012 0.24
-34.8 17.4 1.0116 0.232
-33.6 16.8 1.0112 0.224
-32.4 16.2 1.0108 0.216
-31.2 15.6 1.0104 0.208
-30 15 1.01 0.2
-28.8 14.4 1.0096 0.192
-27.6 13.8 1.0092 0.184
-26.4 13.2 1.0088 0.176
-25.2 12.6 1.0084 0.168
-24 12 1.008 0.16
-22.8 11.4 1.0076 0.152
-21.6 10.8 1.0072 0.144
-20.4 10.2 1.0068 0.136
-19.2 9.6 1.0064 0.128
-18 9 1.006 0.12
-16.8 8.4 1.0056 0.112
-15.6 7.8 1.0052 0.104
-14.4 7.2 1.0048 0.096
-13.2 6.6 1.0044 0.088
-12 6 1.004 0.08
-10.8 5.4 1.0036 0.072
-9.6 4.8 1.0032 0.064
-8.4 4.2 1.0028 0.056
-7.2 3.6 1.0024 0.048
-6 3 1.002 0.04
-4.8 2.4 1.0016 0.032
-3.6 1.8 1.0012 0.024
-2.4 1.2 1.0008 0.016
-1.2 0.6 1.0004 0.008
0 0 1 0
